-4.57846e-16 4.31803e-15 -7.83159e-13
0.0855081 0.0135809 -0.0452933
0.0752036 0.0632288 -0.0251344
0.0535876 0.0955845 0.0158604
0.0260969 0.102019 0.0655326
4.1749e-05 0.0811736 0.110238
-0.0173063 0.0389975 0.138886
-0.0210391 -0.0132895 0.144948
-0.010107 -0.0621413 0.127095
0.0124064 -0.0947893 0.0892932
0.0401456 -0.10231 0.0404853
0.0655298 -0.0822607 -0.00657294
0.0820023 -0.0397937 -0.0383898
0.0853897 0.0138313 -0.0537334
0.0744939 0.0643491 -0.0340534
0.0514732 0.097101 0.0055564
0.0218396 0.103307 0.0526248
-0.00657385 0.0818574 0.0939356
-0.0255199 0.0392021 0.119927
-0.0295826 -0.0133502 0.125393
-0.0176669 -0.0625498 0.109266
0.00693804 -0.0957896 0.0747092
0.0370346 -0.103785 0.0290332
0.0642204 -0.0836552 -0.0160452
0.081688 -0.040518 -0.0469806
0.0830305 0.0137539 -0.0662989
0.0712549 0.0638873 -0.0486525
0.045929 0.0959708 -0.0141751
0.0121662 0.101147 0.0241124
-0.0215309 0.0789349 0.0541307
-0.0437473 0.0373887 0.0717185
-0.0483922 -0.012706 0.0753856
-0.0346388 -0.0599167 0.0645521
-0.00538932 -0.0931197 0.0406221
0.0296641 -0.102174 0.00537514
0.0600346 -0.0829062 -0.032782
0.0790431 -0.0402709 -0.0602119
0.0799882 0.0134307 -0.075349
0.0674869 0.0622671 -0.060044
0.0399229 0.0929529 -0.0316303
0.000607943 0.096157 -0.00520932
-0.0447158 0.0709025 0.00373835
-0.0710137 0.0327067 0.00742688
-0.075928 -0.0110856 0.0085183
-0.0608589 -0.0528244 0.00561736
-0.0220166 -0.0866533 0.00193141
0.0214848 -0.098296 -0.017065
0.0554091 -0.0806161 -0.0466586
0.0757726 -0.039301 -0.0700279
-0.0918248 -0.0468982 -0.054008
-0.104253 -0.0244034 -0.0569148
-0.107288 0.00839865 -0.057334
-0.098577 0.0379649 -0.0558654
-0.123785 -0.0311731 -0.096866
-0.128341 -0.0176364 -0.100331
-0.129663 0.00617334 -0.101046
-0.126116 0.0264908 -0.0989156
0.0820023 0.0397937 -0.0383898
0.0822161 0.040287 -0.0417093
0.0858032 0.0137503 -0.0486189
0.0655298 0.0822607 -0.00657294
0.0653378 0.0832466 -0.00992562
0.0752548 0.0640026 -0.0284549
0.0401456 0.10231 0.0404853
0.0392447 0.103452 0.0368649
0.0530751 0.0966964 0.0124159
0.0124064 0.0947893 0.0892932
0.0106148 0.0957344 0.0850555
0.0247589 0.103101 0.0616425
-0.010107 0.0621413 0.127095
-0.0126768 0.0626856 0.122121
-0.00217578 0.0819305 0.105619
-0.0210391 0.0132895 0.144948
-0.0239818 0.0133977 0.139561
-0.0201231 0.0393232 0.133643
-0.0173063 -0.0389975 0.138886
-0.0201231 -0.0393232 0.133643
-0.0239818 -0.0133977 0.139561
4.17473e-05 -0.0811736 0.110238
-0.00217578 -0.0819305 0.105619
-0.0126768 -0.0626856 0.122121
0.0260969 -0.102019 0.0655326
0.0247589 -0.103101 0.0616425
0.0106148 -0.0957344 0.0850555
0.0535876 -0.0955845 0.0158604
0.0530751 -0.0966964 0.012416
0.0392447 -0.103452 0.0368649
0.0752036 -0.0632288 -0.0251344
0.0752548 -0.0640026 -0.0284549
0.0653378 -0.0832466 -0.00992562
0.0855081 -0.0135809 -0.0452933
0.0858032 -0.0137503 -0.0486189
0.0822161 -0.040287 -0.0417093
0.081688 0.040518 -0.0469806
0.0805625 0.0405035 -0.0534782
0.0844028 0.0138294 -0.0599412
0.0642204 0.0836552 -0.0160452
0.0623614 0.0835212 -0.024068
0.0730829 0.0642956 -0.0411465
0.0370346 0.103785 0.0290332
0.0337266 0.103337 0.0180288
0.0489857 0.0968354 -0.00376359
0.00693804 0.0957896 0.0747092
0.00152425 0.0949284 0.0593523
0.0175336 0.102644 0.0395715
-0.0176669 0.0625498 0.109266
-0.0250123 0.0616665 0.0895708
-0.0130617 0.0808947 0.0762552
-0.0295826 0.0133502 0.125393
-0.037765 0.0131292 0.103485
-0.0334295 0.038585 0.0987762
-0.0255199 -0.0392021 0.119927
-0.0334295 -0.038585 0.0987762
-0.037765 -0.0131292 0.103485
-0.00657385 -0.0818574 0.0939356
-0.0130617 -0.0808947 0.0762552
-0.0250123 -0.0616665 0.0895708
0.0218396 -0.103307 0.0526248
0.0175336 -0.102644 0.0395715
0.00152424 -0.0949284 0.0593523
0.0514732 -0.097101 0.00555641
0.0489857 -0.0968354 -0.00376358
0.0337266 -0.103337 0.0180288
0.0744939 -0.0643491 -0.0340534
0.0730829 -0.0642956 -0.0411465
0.0623614 -0.0835212 -0.024068
0.0853897 -0.0138313 -0.0537334
0.0844028 -0.0138294 -0.0599412
0.0805625 -0.0405035 -0.0534782
0.0790431 0.0402709 -0.0602119
0.0773673 0.0398565 -0.0660763
0.0814885 0.0136166 -0.0717608
0.0600346 0.0829062 -0.032782
0.0575876 0.0818998 -0.0407795
0.0692914 0.0631867 -0.0553454
0.0296641 0.102174 0.00537514
0.0253493 0.100422 -0.0070316
0.042732 0.0946219 -0.024037
-0.00538932 0.0931197 0.0406221
-0.013447 0.090341 0.0206145
0.00624732 0.0989094 0.00834112
-0.0346388 0.0599167 0.0645521
-0.0465304 0.0570909 0.0359896
-0.031956 0.0757671 0.0293922
-0.0483922 0.012706 0.0753856
-0.0612416 0.0120397 0.0430135
-0.0563384 0.0354855 0.0406063
-0.0437473 -0.0373887 0.0717185
-0.0563384 -0.0354855 0.0406063
-0.0612416 -0.0120397 0.0430135
-0.0215309 -0.0789349 0.0541307
-0.031956 -0.0757671 0.0293922
-0.0465304 -0.0570909 0.0359896
0.0121662 -0.101147 0.0241124
0.00624732 -0.0989094 0.00834112
-0.013447 -0.090341 0.0206145
0.045929 -0.0959708 -0.0141751
0.042732 -0.0946219 -0.024037
0.0253493 -0.100422 -0.0070316
0.0712549 -0.0638873 -0.0486525
0.0692914 -0.0631867 -0.0553454
0.0575876 -0.0818998 -0.0407795
0.0830305 -0.0137539 -0.0662989
0.0814885 -0.0136167 -0.0717608
0.0773673 -0.0398565 -0.0660763
0.0757726 0.039301 -0.0700279
0.0744543 0.0386419 -0.0712666
0.0786988 0.0132077 -0.0763222
0.0554091 0.0806161 -0.0466586
0.0538648 0.0791743 -0.0492665
0.066096 0.0611988 -0.0618201
0.0214848 0.098296 -0.017065
0.0189834 0.0961289 -0.0225916
0.0380668 0.0911631 -0.035429
-0.0220166 0.0866533 0.00193141
-0.0294094 0.0825805 -0.0116213
-0.00331416 0.0934095 -0.0134961
-0.0608589 0.0528245 0.00561736
-0.0781287 0.0465547 -0.0252771
-0.0617931 0.0629383 -0.0223813
-0.075928 0.0110856 0.0085183
-0.0917275 0.00983295 -0.0257827
-0.0873742 0.0289279 -0.0258167
-0.0710137 -0.0327067 0.00742688
-0.0873742 -0.0289279 -0.0258167
-0.0917275 -0.00983295 -0.0257827
-0.0447158 -0.0709025 0.00373835
-0.0617931 -0.0629383 -0.0223813
-0.0781287 -0.0465547 -0.0252771
0.000607941 -0.096157 -0.00520931
-0.00331416 -0.0934095 -0.0134961
-0.0294094 -0.0825805 -0.0116213
0.0399229 -0.0929529 -0.0316303
0.0380668 -0.0911631 -0.035429
0.0189834 -0.0961289 -0.0225916
0.0674869 -0.0622671 -0.060044
0.066096 -0.0611988 -0.0618201
0.0538648 -0.0791743 -0.0492665
0.0799882 -0.0134307 -0.075349
0.0786988 -0.0132077 -0.0763222
0.0744543 -0.0386419 -0.0712666
-0.111656 -0.0370994 -0.0795109
-0.115167 -0.0310974 -0.0813779
-0.098577 -0.0379649 -0.0558654
-0.118552 -0.0204542 -0.0826486
-0.120512 -0.00711414 -0.083266
-0.107288 -0.00839865 -0.057334
-0.120512 0.00711414 -0.083266
-0.118552 0.0204542 -0.0826486
-0.104253 0.0244034 -0.0569148
-0.115167 0.0310974 -0.0813779
-0.111656 0.0370994 -0.0795109
-0.0918248 0.0468982 -0.054008
-0.128935 -0.0281395 -0.10452
-0.130857 -0.024029 -0.106669
-0.126116 -0.0264908 -0.0989156
-0.132607 -0.0160773 -0.108147
-0.133644 -0.00564365 -0.108897
-0.129663 -0.00617333 -0.101046
-0.133644 0.00564365 -0.108897
-0.132607 0.0160773 -0.108147
-0.128341 0.0176364 -0.100331
-0.130857 0.024029 -0.106669
-0.128935 0.0281395 -0.10452
-0.123785 0.0311731 -0.096866
